cell_length_average = 34.99999999999999
cell_volume_average = 42875.0
gnd_sum = 98505.89472180611
gnd_nonabs_sum = -398.14403873809556
total_length = 33482.746278474704
number_seeds = 20
